276
2356
1970
814
216
2008
1577
1862
1755
666
1407
767
1878
503
326
1986
1840
2180
1788
838
291
229
2304
1420
100
1361
1769
2198
1783
937
660
1832
947
1250
537
1488
1182
1169
2355
1097
1083
1446
1279
2517
2030
2350
771
2001
2328
2411
629
653
128
1885
265
1283
137
1813
112
765
427
500
1768
1200
514
2473
1536
1951
1529
46
1032
2463
540
355
1482
1740
2197
2519
468
925
466
1240
2164
205
855
2138
1132
1685
1312
314
2495
850
373
2418
1526
1919
1968
1881
2050
1999
1023
370
2482
356
2044
2515
1268
1116
2457
2115
1456
1614
964
903
2067
513
1228
1694
2123
605
1696
2522
4
2235
2516
233
626
801
2238
330
623
297
861
495
1706
354
1602
1629
1888
1735
1546
1928
1678
2119
1309
1128
1108
160
2316
148
2434
656
273
2367
509
793
35
1957
242
1585
2450
2068
1021
1984
2437
70
2510
2512
