2
6
29
30
36
54
69
111
172
198
283
329
345
357
372
402
416
425
464
534
536
567
620
637
645
662
680
684
737
749
787
802
819
833
838
871
888
927
997
1010
1011
1021
1030
1062
1064
1089
1172
1181
1203
1214
1217
1254
1272
1278
1519
1567
1582
1657
1686
1688
1706
1719
1760
1791
1803
1810
1820
1861
1874
1924
1992
2086
2106
2109
2151
2157
2166
2175
2192
2205
2226
2258
2279
2295
2337
2401
2435
2438
2454
2457
2492
2531
2547
2571
2573
2587
2590
2691
2738
2803
2817
2821
2827
2829
2835
2850
2858
2907
2932
2942
2951
3008
3016
3027
3038
3075
3084
3096
3237
3267
3337
3342
3347
3422
3440
3447
3494
3501
3513
3579
3593
3613
3620
3678
3684
3688
3699
3741
3753
3786
3805
3821
3827
3833
3888
3904
3932
3982
4016
4031
4142
4146
4178
4204
4246
4251
4253
4284
4289
4296
4329
4371
4383
4414
4428
4466
4494
4510
4554
4568
4578
4587
4600
4602
4613
4620
4631
4685
4701
4716
4734
4769
4791
4794
4815
4832
4846
4847
4848
4877
4908
4912
4937
4945
4951
4963
4966
5004
5024
5044
5097
5104
5117
5154
5216
5232
5239
5258
5322
5362
5405
5462
5520
5533
5541
5560
5577
5582
5618
5634
5678
5734
1174
2455
4168
4643
4164
4338
2061
3432
4887
1243
1408
1221
5486
2577
2569
1411
1555
3259
124
1378
5710
520
5111
2456
2550
4171
318
5169
41
614
105
2585
763
5245
477
1554
1587
177
4607
4864
3582
4507
696
388
3406
5069
3460
5451
3339
1211
1693
2432
1317
3905
1159
2478
550
2600
3371
3471
3539
2365
5578
2464
2908
4133
4681
237
452
529
717
994
1052
1268
1286
1596
1604
1668
1977
2017
2027
2286
2297
2447
2625
2656
3374
3689
3872
3980
4191
4288
4442
4470
4696
5124
5346
5512
5702
1363
3728
782
2880
5724
443
2521
3095
1399
